0.900 0.000 0.000 1.000
224 128 32 255
0.900 0.900 0.000 1.000
0 129 59 255
138 178 141 255
27 117 196 255
128 32 224 255
191 46 123 255
DIV: Standard

180 34 34 255
99 0 30 255
160 128 32 255
34 69 69 255
0 36 85 255
0 32 192 255
128 0 128 255
255 255 255 64
DIV: Bold

236 131 173 255
255 154 108 255
255 224 156 255
244 224 200 255
200 235 125 255
143 237 245 255
178 169 231 255
224 143 244 255
DIV: Soft

213 230 255 255
136 186 255 255
95 130 178 255
66 91 124 255
42 57 79 255
255 175 0 255
230 87 20 255
161 60 14 255
DIV: Blues and Oranges

150 135 120 255
115 99 87 255
85 70 65 255
164 189 71 255
96 160 64 255
60 116 25 255
42 81 14 255
30 53 7 255
DIV: Earthy

192 168 128 255
160 95 53 255
136 101 49 255
116 81 29 255
81 61 30 255
107 66 38 255
100 50 0 255
100 50 0 170
DIV: Browns

255 255 255 255
0.900 0.900 0.900 1.000
0.750 0.750 0.750 1.000
0.500 0.500 0.500 1.000
0.200 0.200 0.200 1.000
12 16 20 255
220 224 228 170
12 16 20 170
DIV: Grayscale

0.667 0.000 0.000 0.700
1.000 0.500 0.000 0.700
0.990 0.960 0.000 0.700
0.000 0.471 0.196 0.700
160 240 255 170
0.550 0.700 1.000 0.700
0.000 0.200 0.640 0.700
152 41 100 170
DIV: Transparent